114	[8, 2, 6]
202	[8, 5, 7]
248	[7]
155	[8, 6]
282	[8]
70	[4]
216	[8, 6]
156	[8, 6]
0	[8, 4, 6]
278	[8]
134	[2, 3, 6, 7, 8]
1	[4, 5, 6, 7, 8]
281	[8]
122	[4, 5, 6, 7, 8]
172	[8, 6]
188	[8, 5, 7]
224	[8]
123	[8, 5, 6, 7]
250	[8, 3]
239	[8, 4, 6, 7]
2	[5, 6, 7]
265	[8]
297	[7]
300	[8]
292	[8]
3	[1, 2, 6, 7]
115	[4, 5, 6, 7, 8]
116	[4, 5, 6, 7, 8]
229	[4, 5, 6, 7, 8]
174	[2, 3, 4, 5, 6, 7, 8]
225	[8]
126	[2, 3, 5, 6, 7, 8]
244	[5, 7]
4	[3]
145	[8, 6, 7]
81	[1, 5, 7]
48	[8, 6, 7]
205	[3, 6]
249	[8, 6]
5	[2, 3, 4, 5, 6, 7, 8]
83	[5]
6	[2, 3, 4, 5, 6, 7, 8]
196	[8, 6]
162	[3]
7	[5]
149	[3]
217	[5, 7]
283	[8]
56	[6]
226	[7]
210	[8, 4, 6]
41	[8, 6]
218	[8, 5, 7]
113	[2, 3, 4]
49	[5, 7]
182	[8, 4, 6]
165	[8, 6]
215	[5, 7]
50	[6]
198	[5, 7]
275	[7]
102	[2, 3, 5, 6, 7, 8]
8	[2, 3, 4, 5, 6, 7, 8]
264	[8, 7]
9	[2, 4, 6, 7, 8]
253	[5, 7]
82	[3, 5, 6, 7, 8]
130	[8, 6]
276	[8]
54	[3, 4, 5, 6, 7, 8]
99	[8]
295	[8]
75	[5, 7]
266	[7]
10	[8, 5, 6, 7]
260	[4, 5]
57	[5, 7]
96	[7]
11	[5]
58	[2, 3, 4, 5, 6, 7, 8]
254	[5, 7]
187	[7]
66	[8, 6]
62	[5, 7]
71	[8, 5, 6, 7]
135	[8, 6]
185	[5, 7]
12	[5, 7]
279	[7]
127	[3, 5, 7]
13	[2]
150	[2]
55	[8, 5, 6, 7]
151	[8, 6]
164	[8, 6]
301	[7]
285	[8]
106	[8]
203	[3, 4, 6, 7, 8]
77	[8, 7]
73	[2]
42	[1, 2, 3]
201	[3]
287	[8]
284	[8]
152	[8, 5, 6, 7]
14	[8, 5, 6, 7]
76	[8, 6]
90	[3, 5]
43	[8, 4, 6]
175	[2, 3, 4, 5]
15	[4, 7]
233	[8]
204	[5, 7]
270	[7]
199	[4]
136	[8]
286	[7]
280	[8]
16	[2, 3, 4, 5, 6, 7, 8]
197	[3]
157	[3, 5, 7]
139	[8, 6]
236	[3]
143	[8, 6, 7]
304	[8]
183	[8, 4]
138	[7]
120	[8, 6]
69	[5, 7]
299	[8]
44	[8, 6]
191	[8, 3, 4, 6]
263	[3]
242	[8, 6]
271	[8]
45	[5, 7]
17	[1, 2, 3]
51	[3]
219	[3, 4]
18	[1, 3, 5]
63	[8, 2, 4, 6]
19	[3, 5, 6, 7, 8]
91	[8, 6, 7]
97	[8, 5, 6, 7]
267	[7]
98	[5, 7]
272	[7]
74	[5, 7]
117	[5, 7]
168	[5, 7]
46	[5, 7]
84	[8, 5, 6, 7]
78	[5, 7]
20	[2, 3, 5, 6]
128	[5, 7]
232	[8, 6]
21	[8, 6]
243	[2, 3, 4]
293	[8]
252	[5, 7]
230	[3, 5, 6, 7, 8]
101	[8, 6]
268	[8]
169	[4]
22	[8, 6]
220	[8, 4, 6]
257	[5, 7]
234	[8, 6]
153	[8, 2, 6]
132	[8, 6]
273	[8]
23	[5, 6, 7]
24	[1, 2, 3, 5, 6, 8]
25	[5, 7]
245	[8, 4, 5]
72	[8, 6]
206	[8, 6]
47	[2, 3, 4, 5, 6, 7, 8]
288	[8]
110	[8, 5, 6, 7]
26	[8, 6]
111	[8]
27	[8, 6]
28	[3]
29	[1, 5, 7]
131	[3, 4, 5, 6, 7, 8]
118	[4]
161	[8, 6]
158	[4]
61	[3, 4, 5, 7]
105	[8, 4, 6]
241	[4]
207	[3]
290	[8]
274	[3]
30	[3, 5]
146	[5, 7]
180	[8, 6]
124	[8]
193	[8, 4, 6]
59	[8, 5, 6]
85	[8, 6]
296	[7]
189	[8]
231	[2, 3, 4, 6]
251	[8, 6]
31	[1, 5, 6, 7]
227	[7]
121	[8, 6]
190	[4]
277	[3]
129	[1, 5, 7]
154	[3, 4, 5, 6, 7, 8]
173	[8, 6]
52	[5, 7]
166	[5, 7]
79	[3, 5]
298	[8]
32	[2, 4, 6]
211	[8, 6]
255	[5, 7]
170	[1, 2, 3, 4, 5]
221	[8, 4]
246	[5, 7]
194	[3, 5, 7]
176	[8, 4, 5, 6]
223	[8, 4, 6]
125	[7]
167	[7]
100	[8]
86	[8, 6]
67	[8, 5, 6]
80	[8, 6]
33	[8, 6]
222	[2, 3, 4, 5]
109	[5, 7]
34	[5, 7]
163	[8, 6]
259	[4, 5]
148	[5, 7]
235	[8, 6]
108	[7]
94	[8, 2, 4, 6]
302	[8]
200	[2, 3, 4, 5, 8]
240	[3, 5]
87	[8, 4, 6]
35	[8, 2, 3, 6]
36	[1, 3, 5, 7]
262	[8]
208	[8, 7]
37	[5, 7]
159	[8, 4, 6]
103	[3, 4, 5, 6, 7, 8]
104	[8, 5, 6]
144	[5, 7]
38	[8, 3, 5]
93	[8, 6]
88	[5, 7]
39	[3, 4, 6]
141	[8, 2, 6]
256	[6]
228	[8, 4, 6, 7]
119	[3, 5, 7]
269	[7]
178	[5, 7]
147	[8, 3, 7]
64	[8, 5, 6, 7]
40	[4, 6]
237	[5, 7]
181	[8, 6]
179	[8, 3, 4, 6]
305	[6]
247	[5, 7]
140	[8, 6]
53	[6]
258	[5, 7]
89	[8, 6]
195	[5, 7]
92	[8, 6, 7]
137	[5, 7]
65	[7]
192	[4]
291	[8, 6]
133	[5, 7]
186	[5, 7]
209	[8, 6]
212	[3]
289	[7]
107	[8, 4, 6]
213	[4]
171	[5]
95	[5, 7]
68	[5, 7]
142	[7]
261	[8, 6]
112	[8, 6]
303	[7]
177	[4, 6]
60	[8, 6]
184	[5, 7]
214	[6]
160	[8, 6]
238	[8, 6]
294	[7]
